n4 			packets 	(5 nodos)
---------------------
0.3 		52
0.4 		41
0.5 		35
0.6 		29
0.7 		25
0.8 		22
0.9 		20
1 			18
1.5 		13
2 			12
3 			9
4 			7
5 			6
6 			5
7 			5
8 			4
10 			4
11 			0
12 			0
13 			0

n3			packets 	(10 nodos)
---------------------
3 			76
4 			56
5 			52
6 			46
7 			45
8 			42
9 			38
10			37
11 			34
13 			32
15			32
17.5 		30
20 			29
22.5 		27
25			24
30			23
40 			21
41 			0
43 			0
45 			0

n3			packets 	(20 nodos)
---------------------
10
20
30
40
50 			137
60 			130
70 			121
80 			114
90 			110
100 		108
110 		104
120 		98
130 		95
140 		95
150 		91
160 		88
170 		85
180 		0
190			0
200 		0